|0000|020|0|01082026|31082026|POSTO EXEMPLO DE SERVIÇOS AUTOMOTIVOS LTDA|11222333000181||SP|110042490114|3550308|||A|1|
|0001|0|
|0005|POSTO EXEMPLO|01310100|AV PAULISTA|1000||BELA VISTA|1133334444|||
|0990|4|
|C001|0|
|C100|0|1|F001|55|00|1|1234|35260811222333000181550010000012341000012345|01082026|01082026|1000,00|0|0|0|1000,00|9|0|0|0|1000,00|180,00|0|0|0|0|0|0|0|
|C170|1|001|GASOLINA COMUM|100|L|1000,00|0|0|5405|5405|0|0|0|0|0|0|0|0|0|0|0|0|0|0|0|0|0|0|0|0|0|0|0|0|0|0|
LINHA QUEBRADA SEM DELIMITADORES (deve ir para a lista de ignoradas)
|C990|4|
|E001|0|
|E100|01082026|31082026|
|E110|150000,00|0|1200,00|300,00|120000,00|500,00|2000,00|0|5000,00|24000,00|1000,00|23000,00|0|0|
|E111|SP000207|DIFERENCIAL DE ALIQUOTA USO E CONSUMO|1200,00|
|E111|SP010305|ESTORNO DE CREDITO ENERGIA ELETRICA|300,00|
|E111|SP020799|CREDITO OUTORGADO|1200,00|
|E111|SP020799|CREDITO OUTORGADO COMPLEMENTAR|800,00|
|E111|SP040399|DEDUCAO PROGRAMA INCENTIVO|1000,00|
|E116|000|21500,00|20092026|046-2|||||082026|
|E116|090|1500,00|20092026|046-2|||||082026|
|E200|SP|01082026|31082026|
|E210|1|0|150,00|8500,00|0|350,00|12000,00|0|0|3000,00|0|3000,00|0|0|
|E220|SP120099|RESSARCIMENTO ST COMPLEMENTAR|350,00|
|E250|002|3000,00|09092026|063-2|||||082026|
|E200|MG|01082026|31082026|
|E210|1|1000,00|0|2000,00|0|0|4500,00|0|200,00|1700,00|0|1700,00|0|0|
|E220|MG100010|AJUSTE A DEBITO ST|200,00|
|E250|999|1700,00|09092026|100080|||||082026|
|E200|PR|01082026|31082026|
|E210|1|500,00|0|3200,00|0|0|2800,00|0|0|0|0|0|900,00|0|
|E200|RJ|01082026|31082026|
|E210|0|0|0|0|0|0|0|0|0|0|0|0|0|0|
|E300|BA|01082026|31082026|
|E310|1|0|1800,00|0|300,00|0|1500,00|0|1500,00|0|0|0|400,00|0|0|0|400,00|0|400,00|0|0|
|E316|000|1500,00|09092026|0791|||||082026|
|E316|006|400,00|09092026|2036|||||082026|
|E300|PE|01082026|31082026|
|E310|1|0|650,00|0|0|0|650,00|0|650,00|0|0|
|E500|0|01082026|31082026|
|E990|33|
|9001|0|
|9900|0000|1|
|9990|3|
|9999|44|
SBRCAAEPDR0123456789ABCDEF assinatura digital binaria simulada apos o 9999
